asddhaksj,1024,1024,0,0,1440,0,00:00:00:00:00:00
kdcjflkdj,1024,1024,0,0,1440,0,00:00:00:00:00:00
asjdhaksj,1024,1024,0,0,1440,1644270346,00:00:00:00:00:00
kdsjflkdj,1024,1024,0,0,1440,1644319675,00:00:00:00:00:00
kdsjflkdj,1024,1024,0,0,1440,1644319675,00:00:00:00:00:00
ZRPN-TVJO,1024,1024,0,0,1440,0,00:00:00:00:00:00
0IQX-FNGB,1024,1024,0,0,1440,0,00:00:00:00:00:00
W4E2-EN6Q,1024,1024,0,0,1440,0,00:00:00:00:00:00
TDFW-UBBZ,1024,1024,0,0,1440,0,00:00:00:00:00:00
R9OF-FUT3,1024,1024,0,0,1440,0,00:00:00:00:00:00
8GP2-AWD0,1024,1024,0,0,1440,0,00:00:00:00:00:00
HF42-QSJT,1024,1024,0,0,1440,0,00:00:00:00:00:00
MBJ1-DFJ0,1024,1024,0,0,1440,0,00:00:00:00:00:00
4P8I-3AZ8,1024,1024,0,0,1440,0,00:00:00:00:00:00
TAEL-UDYT,1024,1024,0,0,1440,0,00:00:00:00:00:00
